¦”Τ†	’Κ”Τ	{έ–Ό	ξ€”N	MDC2…	MDC6…	MDC6…‚Ζ–Ό‘O	”_99	”_99ΘO	έ‰@“ϊ”_99	έ‰@“ϊ”_99ΘO
10001	10001	D–yγ‰Θ‘εw•‘®•a‰@	2020	01	010010	010010_”]ξα‡	252	46	6.821428571	37.04347826
10002	10002	–kC“Ή‘εw•a‰@	2020	01	010010	010010_”]ξα‡	91	115	20.08791209	28.08695652
10001	10001	D–yγ‰Θ‘εw•‘®•a‰@	2020	01	010020	010020_‚­‚ΰ–‰ΊoA”j—τ”]“®–¬α		0		
10002	10002	–kC“Ή‘εw•a‰@	2020	01	010020	010020_‚­‚ΰ–‰ΊoA”j—τ”]“®–¬α		0		
10001	10001	D–yγ‰Θ‘εw•‘®•a‰@	2020	01	010030	010030_–Ά”j—τ”]“®–¬α		0		
10002	10002	–kC“Ή‘εw•a‰@	2020	01	010030	010030_–Ά”j—τ”]“®–¬α	24	11	3.458333333	28.90909091
10001	10001	D–yγ‰Θ‘εw•‘®•a‰@	2020	01	010040	010040_”ρO«“W“ΰξi”ρO«d–‰ΊξΘOj		0		
10002	10002	–kC“Ή‘εw•a‰@	2020	01	010040	010040_”ρO«“W“ΰξi”ρO«d–‰ΊξΘOj	17	0	10.88235294	
10001	10001	D–yγ‰Θ‘εw•‘®•a‰@	2020	01	010050	010050_”ρO«d–‰Ίξ		0		
10002	10002	–kC“Ή‘εw•a‰@	2020	01	010050	010050_”ρO«d–‰Ίξ		0		
10001	10001	D–yγ‰Θ‘εw•‘®•a‰@	2020	01	010060	010060_”][Η	11	0	14.45454545	
10002	10002	–kC“Ή‘εw•a‰@	2020	01	010060	010060_”][Η	24	0	17.79166667	
10001	10001	D–yγ‰Θ‘εw•‘®•a‰@	2020	01	010069	010069_”]‘²’†‚Μ‘±”­Η		0		
10002	10002	–kC“Ή‘εw•a‰@	2020	01	010069	010069_”]‘²’†‚Μ‘±”­Η	13	0	10.53846154	
10001	10001	D–yγ‰Θ‘εw•‘®•a‰@	2020	01	010070	010070_”]ΗαQ	19	10	6.210526316	13.4
10002	10002	–kC“Ή‘εw•a‰@	2020	01	010070	010070_”]ΗαQ	23	17	8.086956522	22
10001	10001	D–yγ‰Θ‘εw•‘®•a‰@	2020	01	010080	010080_”]‘‚Μ΄υ‚π”Ί‚¤‰Η	23	0	23.82608696	
10002	10002	–kC“Ή‘εw•a‰@	2020	01	010080	010080_”]‘‚Μ΄υ‚π”Ί‚¤‰Η	12	0	25.16666667	
10001	10001	D–yγ‰Θ‘εw•‘®•a‰@	2020	01	010120	010120_“Α”­«i’Pjƒjƒ…[ƒƒpƒ`[		0		
10002	10002	–kC“Ή‘εw•a‰@	2020	01	010120	010120_“Α”­«i’Pjƒjƒ…[ƒƒpƒ`[		0		
10001	10001	D–yγ‰Θ‘εw•‘®•a‰@	2020	01	010130	010130_dΗ‹Ψ–³—ΝΗ	36	0	14.77777778	
10002	10002	–kC“Ή‘εw•a‰@	2020	01	010130	010130_dΗ‹Ψ–³—ΝΗ	22	0	17.31818182	
10001	10001	D–yγ‰Θ‘εw•‘®•a‰@	2020	01	010160	010160_ƒp[ƒLƒ“ƒ\ƒ“•a	48	20	25.10416667	29.9
10002	10002	–kC“Ή‘εw•a‰@	2020	01	010160	010160_ƒp[ƒLƒ“ƒ\ƒ“•a	68	26	19.73529412	41
10001	10001	D–yγ‰Θ‘εw•‘®•a‰@	2020	01	010170	010170_ξ’κj“™‚Μ•Ο«Ύ³	17	0	22.47058824	
10002	10002	–kC“Ή‘εw•a‰@	2020	01	010170	010170_ξ’κj“™‚Μ•Ο«Ύ³	23	0	15.39130435	
10001	10001	D–yγ‰Θ‘εw•‘®•a‰@	2020	01	010180	010180_•sΣ‰^“®		0		
10002	10002	–kC“Ή‘εw•a‰@	2020	01	010180	010180_•sΣ‰^“®		0		
10001	10001	D–yγ‰Θ‘εw•‘®•a‰@	2020	01	010200	010200_…“Η		0		
10002	10002	–kC“Ή‘εw•a‰@	2020	01	010200	010200_…“Η		10		17.9
10001	10001	D–yγ‰Θ‘εw•‘®•a‰@	2020	01	010230	010230_‚Δ‚ρ‚©‚ρ	125	62	5.96	22.38709677
10002	10002	–kC“Ή‘εw•a‰@	2020	01	010230	010230_‚Δ‚ρ‚©‚ρ	104	0	8.442307692	
10001	10001	D–yγ‰Θ‘εw•‘®•a‰@	2020	01	010310	010310_”]‚ΜαQi‚»‚Μ‘Όj		0		
10002	10002	–kC“Ή‘εw•a‰@	2020	01	010310	010310_”]‚ΜαQi‚»‚Μ‘Όj	17	26	11	33.84615385
10001	10001	D–yγ‰Θ‘εw•‘®•a‰@	2020	02	02001x	02001x_p–Eα‹y‚Ρ•t‘®ν‚Μ««ξα‡		20		8.1
10002	10002	–kC“Ή‘εw•a‰@	2020	02	02001x	02001x_p–Eα‹y‚Ρ•t‘®ν‚Μ««ξα‡		32		8.125
10001	10001	D–yγ‰Θ‘εw•‘®•a‰@	2020	02	020040	020040_–Τ–‰θΧ–Eξ		0		
10002	10002	–kC“Ή‘εw•a‰@	2020	02	020040	020040_–Τ–‰θΧ–Eξ		0		
10001	10001	D–yγ‰Θ‘εw•‘®•a‰@	2020	02	02006x	02006x_α‚Μ—Η«ξα‡		0		
10002	10002	–kC“Ή‘εw•a‰@	2020	02	02006x	02006x_α‚Μ—Η«ξα‡		0		
10001	10001	D–yγ‰Θ‘εw•‘®•a‰@	2020	02	020080	020080_αβ|ξα‡		0		
10002	10002	–kC“Ή‘εw•a‰@	2020	02	020080	020080_αβ|ξα‡		0		
10001	10001	D–yγ‰Θ‘εw•‘®•a‰@	2020	02	020100	020100_—ά”Xξα‡		0		
10002	10002	–kC“Ή‘εw•a‰@	2020	02	020100	020100_—ά”Xξα‡		0		
10001	10001	D–yγ‰Θ‘εw•‘®•a‰@	2020	02	020110	020110_”’“ΰαA…»‘Μ‚ΜΎ³		492		4.959349593
10002	10002	–kC“Ή‘εw•a‰@	2020	02	020110	020110_”’“ΰαA…»‘Μ‚ΜΎ³		622		5.836012862
10001	10001	D–yγ‰Θ‘εw•‘®•a‰@	2020	02	020150	020150_Ξ‹iO«E–ό’…«‚π‚­Bj		210		3.066666667
10002	10002	–kC“Ή‘εw•a‰@	2020	02	020150	020150_Ξ‹iO«E–ό’…«‚π‚­Bj		88		3.045454545
10001	10001	D–yγ‰Θ‘εw•‘®•a‰@	2020	02	020160	020160_–Τ–”—£		186		13.43010753
10002	10002	–kC“Ή‘εw•a‰@	2020	02	020160	020160_–Τ–”—£		200		7.5
10001	10001	D–yγ‰Θ‘εw•‘®•a‰@	2020	02	020180	020180_“”A•a«‘B«–Τ–Η		86		11.72093023
10002	10002	–kC“Ή‘εw•a‰@	2020	02	020180	020180_“”A•a«‘B«–Τ–Η		52		7.423076923
10001	10001	D–yγ‰Θ‘εw•‘®•a‰@	2020	02	020190	020190_–Άn™–Τ–Η		0		
10002	10002	–kC“Ή‘εw•a‰@	2020	02	020190	020190_–Άn™–Τ–Η		0		
10001	10001	D–yγ‰Θ‘εw•‘®•a‰@	2020	02	020200	020200_‰©”ΑAγ‹Ι•Ο«		170		9.164705882
10002	10002	–kC“Ή‘εw•a‰@	2020	02	020200	020200_‰©”ΑAγ‹Ι•Ο«		150		6.613333333
10001	10001	D–yγ‰Θ‘εw•‘®•a‰@	2020	02	020210	020210_–Τ–Η•ΒΗΗ		26		13.46153846
10002	10002	–kC“Ή‘εw•a‰@	2020	02	020210	020210_–Τ–Η•ΒΗΗ		64		7.03125
10001	10001	D–yγ‰Θ‘εw•‘®•a‰@	2020	02	020220	020220_—Ξ“ΰα	60	159	3.2	11.06289308
10002	10002	–kC“Ή‘εw•a‰@	2020	02	020220	020220_—Ξ“ΰα	277	501	2	11.54291417
10001	10001	D–yγ‰Θ‘εw•‘®•a‰@	2020	02	020230	020230_ααΩ‰Ί‚		150		3.786666667
10002	10002	–kC“Ή‘εw•a‰@	2020	02	020230	020230_ααΩ‰Ί‚		28		3.928571429
10001	10001	D–yγ‰Θ‘εw•‘®•a‰@	2020	02	020240	020240_Ιq‘ΜΎ³		104		9.153846154
10002	10002	–kC“Ή‘εw•a‰@	2020	02	020240	020240_Ιq‘ΜΎ³		48		5.916666667
10001	10001	D–yγ‰Θ‘εw•‘®•a‰@	2020	02	020250	020250_‹–‚ΜαQ		0		
10002	10002	–kC“Ή‘εw•a‰@	2020	02	020250	020250_‹–‚ΜαQ		0		
10001	10001	D–yγ‰Θ‘εw•‘®•a‰@	2020	02	020270	020270_‹­–‚ΜαQ		0		
10002	10002	–kC“Ή‘εw•a‰@	2020	02	020270	020270_‹­–‚ΜαQ		0		
10001	10001	D–yγ‰Θ‘εw•‘®•a‰@	2020	02	020280	020280_p–‚ΜαQ		0		
10002	10002	–kC“Ή‘εw•a‰@	2020	02	020280	020280_p–‚ΜαQ		108		7.759259259
10001	10001	D–yγ‰Θ‘εw•‘®•a‰@	2020	02	020290	020290_—άν‚ΜΎ³		0		
10002	10002	–kC“Ή‘εw•a‰@	2020	02	020290	020290_—άν‚ΜΎ³		0		
10001	10001	D–yγ‰Θ‘εw•‘®•a‰@	2020	02	020320	020320_ααΩA—άνAαβ|‚ΜΎ³		60		2.8
10002	10002	–kC“Ή‘εw•a‰@	2020	02	020320	020320_ααΩA—άνAαβ|‚ΜΎ³	10	44	14.3	3.818181818
10001	10001	D–yγ‰Θ‘εw•‘®•a‰@	2020	02	020340	020340_“ψΚE–Ρ—l‘Μ‚ΜαQ		0		
10002	10002	–kC“Ή‘εw•a‰@	2020	02	020340	020340_“ψΚE–Ρ—l‘Μ‚ΜαQ		0		
10001	10001	D–yγ‰Θ‘εw•‘®•a‰@	2020	02	020350	020350_–¬—–‚ΜΎ³		0		
10002	10002	–kC“Ή‘εw•a‰@	2020	02	020350	020350_–¬—–‚ΜΎ³		62		5.774193548
10001	10001	D–yγ‰Θ‘εw•‘®•a‰@	2020	02	020360	020360_α‹…‚ΜαQ		0		
10002	10002	–kC“Ή‘εw•a‰@	2020	02	020360	020360_α‹…‚ΜαQ		0		
10001	10001	D–yγ‰Θ‘εw•‘®•a‰@	2020	02	020370	020370_‹_o‚ΜΎ³		0		
10002	10002	–kC“Ή‘εw•a‰@	2020	02	020370	020370_‹_o‚ΜΎ³		0		
10001	10001	D–yγ‰Θ‘εw•‘®•a‰@	2020	02	020380	020380_α‹…‰^“®αQ		0		
10002	10002	–kC“Ή‘εw•a‰@	2020	02	020380	020380_α‹…‰^“®αQ		0		
10001	10001	D–yγ‰Θ‘εw•‘®•a‰@	2020	02	020400	020400_αA•t‘®ν‚ΜαQ		0		
10002	10002	–kC“Ή‘εw•a‰@	2020	02	020400	020400_αA•t‘®ν‚ΜαQ		0		
